0 0.693683 0.184932 0.159817 0.077626
0 0.549848 0.114155 0.146119 0.073059
0 0.558980 0.188356 0.118721 0.125571
0 0.471081 0.228311 0.093607 0.127854
0 0.346651 0.243151 0.095890 0.148402
0 0.418569 0.325342 0.079909 0.139269
0 0.590944 0.284247 0.109589 0.162100
0 0.662861 0.442922 0.002283 0.000000
0 0.503044 0.326484 0.134703 0.095890
0 0.355784 0.401826 0.068493 0.127854
0 0.423135 0.433790 0.070776 0.118721
0 0.489345 0.420091 0.084475 0.136986
0 0.558980 0.428082 0.082192 0.130137
0 0.395738 0.552511 0.061644 0.109589
0 0.385464 0.663242 0.105023 0.139269