0 0.445966 0.149543 0.107306 0.121005
0 0.457382 0.270548 0.084475 0.111872
0 0.645738 0.214612 0.105023 0.109589
0 0.574962 0.315068 0.146119 0.109589
0 0.455099 0.423516 0.157534 0.079909
0 0.149163 0.162100 0.130137 0.114155
0 0.231355 0.227169 0.130137 0.125571
0 0.311263 0.301370 0.189498 0.091324
0 0.148021 0.409817 0.136986 0.089041
0 0.274734 0.412100 0.134703 0.102740
0 0.884323 0.408676 0.134703 0.068493
0 0.749619 0.399543 0.116438 0.077626
0 0.627473 0.406393 0.141553 0.077626
0 0.783866 0.682648 0.139269 0.141553
0 0.684551 0.594749 0.132420 0.184932
0 0.590944 0.531963 0.205479 0.132420
0 0.455099 0.578767 0.089041 0.130137
0 0.459665 0.726027 0.089041 0.164384
0 0.452816 0.844749 0.189498 0.091324
0 0.329528 0.537671 0.180365 0.130137
0 0.216514 0.638128 0.136986 0.152968
0 0.142313 0.727169 0.162100 0.180365