0 0.049848 0.489726 0.095890 0.189498
0 0.491629 0.176941 0.212329 0.203196
0 0.335236 0.251142 0.155251 0.136986
0 0.168569 0.319635 0.214612 0.136986
0 0.201674 0.485160 0.194064 0.098174
0 0.337519 0.479452 0.114155 0.173516
0 0.458524 0.474886 0.164384 0.105023
0 0.625190 0.472603 0.178082 0.086758
0 0.751903 0.472603 0.093607 0.200913
0 0.880898 0.482877 0.205479 0.111872
0 0.169711 0.650685 0.184932 0.164384
0 0.355784 0.711187 0.168950 0.134703
0 0.505327 0.753425 0.203196 0.150685
0 0.667428 0.816210 0.184932 0.116438