0 0.496195 0.409817 0.162100 0.066210
0 0.732496 0.414384 0.155251 0.093607
0 0.899163 0.424658 0.150685 0.091324
0 0.668569 0.552511 0.136986 0.155251
0 0.791857 0.638128 0.182648 0.134703
0 0.908295 0.769406 0.178082 0.141553
0 0.506469 0.616438 0.095890 0.155251
0 0.500761 0.768265 0.107306 0.157534
0 0.117199 0.716895 0.143836 0.196347
0 0.225647 0.659817 0.164384 0.141553
0 0.343227 0.569635 0.175799 0.148402
0 0.125190 0.421233 0.146119 0.066210
0 0.282724 0.426941 0.159817 0.068493
0 0.496195 0.135845 0.139269 0.093607
0 0.363775 0.184932 0.171233 0.091324
0 0.230213 0.230594 0.155251 0.077626
0 0.113775 0.271689 0.205479 0.114155